ablations:
  sl.lr: [0.0001, 0.00001]
  sl.weight_decay: [0.0001, 0.00001]
